0,0,1,50.081,1.0016
0,1,1,51.66,1.0332
0,2,1,50.275,1.0055
0,3,1,50.366,1.0073
0,4,1,50.571,1.0114
0,5,1,50.163,1.0033
0,6,1,50.475,1.0095
0,7,1,51.782,1.0356
0,8,1,50.072,1.0014
0,9,1,50.219,1.0044
0,10,1,50.657,1.0131
0,11,1,49.929,0.9986
0,12,1,50.208,1.0042
0,13,1,51.586,1.0317
0,14,1,50.476,1.0095
0,15,1,50.52,1.0104
0,16,1,49.97,0.9994
0,17,1,50.378,1.0076
0,18,1,50.3,1.006
0,19,1,49.927,0.9985
0,20,1,50.965,1.0193
0,21,1,50.502,1.01
0,22,1,50.301,1.006
0,23,1,50.324,1.0065
0,24,1,50.959,1.0192
1,0,2,101.13,2.0226
1,1,2,100.571,2.0114
1,2,2,101.212,2.0242
1,3,2,99.185,1.9837
1,4,2,100.294,2.0059
1,5,2,99.206,1.9841
1,6,2,99.063,1.9813
1,7,2,99.143,1.9829
1,8,2,100.931,2.0186
1,9,2,101.71,2.0342
1,10,2,100.83,2.0166
1,11,2,100.924,2.0185
1,12,2,101.581,2.0316
1,13,2,101.408,2.0282
1,14,2,101.042,2.0208
1,15,2,99.736,1.9947
1,16,2,101.021,2.0204
1,17,2,98.697,1.9739
1,18,2,100.677,2.0135
1,19,2,98.863,1.9773
1,20,2,100.168,2.0034
1,21,2,101.729,2.0346
1,22,2,98.66,1.9732
1,23,2,98.708,1.9742
1,24,2,100.825,2.0165
2,0,3,149.526,2.9905
2,1,3,149.85,2.997
2,2,3,151.775,3.0355
2,3,3,150.07,3.0014
2,4,3,152.614,3.0523
2,5,3,149.826,2.9965
2,6,3,152.302,3.046
2,7,3,150.91,3.0182
2,8,3,150.139,3.0028
2,9,3,151.621,3.0324
2,10,3,151.106,3.0221
2,11,3,150.021,3.0004
2,12,3,152.457,3.0491
2,13,3,150.186,3.0037
2,14,3,150.119,3.0024
2,15,3,149.959,2.9992
2,16,3,149.642,2.9928
2,17,3,150.892,3.0178
2,18,3,151.821,3.0364
2,19,3,151.701,3.034
2,20,3,151.386,3.0277
2,21,3,149.548,2.991
2,22,3,152.154,3.0431
2,23,3,152.031,3.0406
2,24,3,151.632,3.0326
3,0,4,201.249,4.025
3,1,4,200.434,4.0087
3,2,4,199.426,3.9885
3,3,4,201.022,4.0204
3,4,4,200.873,4.0175
3,5,4,200.712,4.0142
3,6,4,201.236,4.0247
3,7,4,200.845,4.0169
3,8,4,200.674,4.0135
3,9,4,201.667,4.0333
3,10,4,201.078,4.0216
3,11,4,201.285,4.0257
3,12,4,199.165,3.9833
3,13,4,199.002,3.98
3,14,4,201.211,4.0242
3,15,4,199.028,3.9806
3,16,4,201.233,4.0247
3,17,4,199.144,3.9829
3,18,4,201.142,4.0228
3,19,4,198.741,3.9748
3,20,4,201.398,4.028
3,21,4,200.101,4.002
3,22,4,199.712,3.9942
3,23,4,201.368,4.0274
3,24,4,199.186,3.9837
4,0,5,248.242,4.9648
4,1,5,247.773,4.9555
4,2,5,248.698,4.974
4,3,5,248.229,4.9646
4,4,5,248.24,4.9648
4,5,5,247.875,4.9575
4,6,5,248.13,4.9626
4,7,5,247.926,4.9585
4,8,5,247.573,4.9515
4,9,5,247.558,4.9512
4,10,5,248.048,4.961
4,11,5,248.615,4.9723
4,12,5,247.178,4.9436
4,13,5,247.528,4.9506
4,14,5,247.134,4.9427
4,15,5,246.677,4.9335
4,16,5,246.686,4.9337
4,17,5,247.502,4.95
4,18,5,248.07,4.9614
4,19,5,247.958,4.9592
4,20,5,247.869,4.9574
4,21,5,247.938,4.9588
4,22,5,247.461,4.9492
4,23,5,246.379,4.9276
4,24,5,247.029,4.9406
5,0,6,296.67,5.9334
5,1,6,298.238,5.9648
5,2,6,296.896,5.9379
5,3,6,296.69,5.9338
5,4,6,297.826,5.9565
5,5,6,297.546,5.9509
5,6,6,296.765,5.9353
5,7,6,296.718,5.9344
5,8,6,294.933,5.8987
5,9,6,297.794,5.9559
5,10,6,297.258,5.9452
5,11,6,297.947,5.9589
5,12,6,295.926,5.9185
5,13,6,296.469,5.9294
5,14,6,296.966,5.9393
5,15,6,296.363,5.9273
5,16,6,298.67,5.9734
5,17,6,296.915,5.9383
5,18,6,296.373,5.9275
5,19,6,297.051,5.941
5,20,6,295.59,5.9118
5,21,6,295.97,5.9194
5,22,6,296.022,5.9204
5,23,6,295.827,5.9165
5,24,6,297.149,5.943
6,0,7,344.776,6.8955
6,1,7,345.765,6.9153
6,2,7,342.4,6.848
6,3,7,342.742,6.8548
6,4,7,343.126,6.8625
6,5,7,341.851,6.837
6,6,7,342.451,6.849
6,7,7,342.234,6.8447
6,8,7,340.448,6.809
6,9,7,342.238,6.8448
6,10,7,342.032,6.8406
6,11,7,341.725,6.8345
6,12,7,341.901,6.838
6,13,7,342.453,6.8491
6,14,7,342.144,6.8429
6,15,7,343.096,6.8619
6,16,7,346.012,6.9202
6,17,7,341.846,6.8369
6,18,7,341.557,6.8311
6,19,7,340.363,6.8073
6,20,7,340.706,6.8141
6,21,7,342.589,6.8518
6,22,7,341.162,6.8232
6,23,7,340.421,6.8084
6,24,7,339.854,6.7971
7,0,8,392.088,7.8418
7,1,8,392.008,7.8402
7,2,8,392.979,7.8596
7,3,8,393.502,7.87
7,4,8,396.952,7.939
7,5,8,396.739,7.9348
7,6,8,393.646,7.8729
7,7,8,394.203,7.8841
7,8,8,394.488,7.8898
7,9,8,394.696,7.8939
7,10,8,394.854,7.8971
7,11,8,394.656,7.8931
7,12,8,393.896,7.8779
7,13,8,394.747,7.8949
7,14,8,395.726,7.9145
7,15,8,395.091,7.9018
7,16,8,394.502,7.89
7,17,8,395.112,7.9022
7,18,8,393.307,7.8661
7,19,8,393.658,7.8732
7,20,8,394.989,7.8998
7,21,8,395.12,7.9024
7,22,8,395.742,7.9148
7,23,8,395.506,7.9101
7,24,8,394.755,7.8951
8,0,9,443.112,8.8622
8,1,9,444.35,8.887
8,2,9,443.845,8.8769
8,3,9,444.562,8.8912
8,4,9,445.781,8.9156
8,5,9,444.376,8.8875
8,6,9,445.309,8.9062
8,7,9,447.827,8.9565
8,8,9,446.73,8.9346
8,9,9,447.771,8.9554
8,10,9,446.914,8.9383
8,11,9,446.819,8.9364
8,12,9,445.352,8.907
8,13,9,446.771,8.9354
8,14,9,446.747,8.9349
8,15,9,447.677,8.9535
8,16,9,446.609,8.9322
8,17,9,446.586,8.9317
8,18,9,446.89,8.9378
8,19,9,446.395,8.9279
8,20,9,451.366,9.0273
8,21,9,446.728,8.9346
8,22,9,451.454,9.0291
8,23,9,449.129,8.9826
8,24,9,448.936,8.9787
9,0,10,494.615,9.8923
9,1,10,501.667,10.0333
9,2,10,500.829,10.0166
9,3,10,493.366,9.8673
9,4,10,493.232,9.8646
9,5,10,498.845,9.9769
9,6,10,491.776,9.8355
9,7,10,494.47,9.8894
9,8,10,500.202,10.004
9,9,10,500.682,10.0136
9,10,10,501.642,10.0328
9,11,10,499.078,9.9816
9,12,10,498.614,9.9723
9,13,10,504.726,10.0945
9,14,10,495.214,9.9043
9,15,10,496.373,9.9275
9,16,10,499.357,9.9871
9,17,10,504.227,10.0845
9,18,10,492.09,9.8418
9,19,10,499.779,9.9956
9,20,10,500.336,10.0067
9,21,10,497.304,9.9461
9,22,10,498.912,9.9782
9,23,10,496.628,9.9326
9,24,10,501.258,10.0252
10,0,11,547.648,10.953
10,1,11,548.045,10.9609
10,2,11,540.442,10.8088
10,3,11,549.059,10.9812
10,4,11,548.752,10.975
10,5,11,539.251,10.785
10,6,11,545.072,10.9014
10,7,11,542.023,10.8405
10,8,11,547.059,10.9412
10,9,11,547.219,10.9444
10,10,11,544.748,10.895
10,11,11,548.672,10.9734
10,12,11,547.322,10.9464
10,13,11,550.143,11.0029
10,14,11,545.181,10.9036
10,15,11,539.957,10.7991
10,16,11,537.904,10.7581
10,17,11,546.134,10.9227
10,18,11,540.881,10.8176
10,19,11,537.67,10.7534
10,20,11,545.35,10.907
10,21,11,548.115,10.9623
10,22,11,546.362,10.9272
10,23,11,548.688,10.9738
10,24,11,539.267,10.7853
11,0,12,600.058,12.0012
11,1,12,595.082,11.9016
11,2,12,597.379,11.9476
11,3,12,587.498,11.75
11,4,12,599.318,11.9864
11,5,12,596.3,11.926
11,6,12,593.598,11.872
11,7,12,597.41,11.9482
11,8,12,596.134,11.9227
11,9,12,597.859,11.9572
11,10,12,596.032,11.9206
11,11,12,588.496,11.7699
11,12,12,589.544,11.7909
11,13,12,590.551,11.811
11,14,12,589.053,11.7811
11,15,12,589.139,11.7828
11,16,12,596.714,11.9343
11,17,12,598.768,11.9754
11,18,12,595.44,11.9088
11,19,12,594.002,11.88
11,20,12,587.862,11.7572
11,21,12,594.907,11.8981
11,22,12,588.474,11.7695
11,23,12,597.72,11.9544
11,24,12,588.346,11.7669
12,0,13,645.83,12.9166
12,1,13,645.523,12.9105
12,2,13,641.201,12.824
12,3,13,643.382,12.8676
12,4,13,643.786,12.8757
12,5,13,638.895,12.7779
12,6,13,635.734,12.7147
12,7,13,637.568,12.7514
12,8,13,637.882,12.7576
12,9,13,639.166,12.7833
12,10,13,648.65,12.973
12,11,13,644.038,12.8808
12,12,13,648.502,12.97
12,13,13,645.537,12.9107
12,14,13,644.806,12.8961
12,15,13,644.765,12.8953
12,16,13,644.858,12.8972
12,17,13,639.924,12.7985
12,18,13,642.939,12.8588
12,19,13,643.336,12.8667
12,20,13,644.832,12.8966
12,21,13,637.738,12.7548
12,22,13,642.039,12.8408
12,23,13,646.624,12.9325
12,24,13,646.39,12.9278
13,0,14,691.354,13.8271
13,1,14,694.406,13.8881
13,2,14,696.099,13.922
13,3,14,693.171,13.8634
13,4,14,694.71,13.8942
13,5,14,694.867,13.8973
13,6,14,696.432,13.9286
13,7,14,692.416,13.8483
13,8,14,695.53,13.9106
13,9,14,690.399,13.808
13,10,14,694.813,13.8963
13,11,14,692.52,13.8504
13,12,14,685.546,13.7109
13,13,14,690.921,13.8184
13,14,14,695.027,13.9005
13,15,14,693.734,13.8747
13,16,14,693.091,13.8618
13,17,14,693.91,13.8782
13,18,14,685.299,13.706
13,19,14,686.096,13.7219
13,20,14,693.638,13.8728
13,21,14,696.662,13.9332
13,22,14,696.637,13.9327
13,23,14,690.559,13.8112
13,24,14,693.933,13.8787
14,0,15,746.061,14.9212
14,1,15,743.027,14.8605
14,2,15,741.507,14.8301
14,3,15,743.997,14.8799
14,4,15,742.106,14.8421
14,5,15,742.413,14.8483
14,6,15,744.509,14.8902
14,7,15,743.405,14.8681
14,8,15,744.13,14.8826
14,9,15,743.072,14.8614
14,10,15,743.236,14.8647
14,11,15,744.435,14.8887
14,12,15,744.106,14.8821
14,13,15,733.524,14.6705
14,14,15,735.613,14.7123
14,15,15,735.728,14.7146
14,16,15,744.906,14.8981
14,17,15,743.814,14.8763
14,18,15,742.676,14.8535
14,19,15,744.906,14.8981
14,20,15,739.92,14.7984
14,21,15,743.312,14.8662
14,22,15,743.571,14.8714
14,23,15,743.68,14.8736
14,24,15,740.027,14.8005
15,0,16,788.502,15.77
15,1,16,799.139,15.9828
15,2,16,792.288,15.8458
15,3,16,798.032,15.9606
15,4,16,790.772,15.8154
15,5,16,800.195,16.0039
15,6,16,799.011,15.9802
15,7,16,799.795,15.9959
15,8,16,800.299,16.006
15,9,16,799.261,15.9852
15,10,16,791.181,15.8236
15,11,16,800.253,16.0051
15,12,16,799.949,15.999
15,13,16,796.867,15.9373
15,14,16,795.404,15.9081
15,15,16,796.641,15.9328
15,16,16,797.946,15.9589
15,17,16,797.894,15.9579
15,18,16,799.581,15.9916
15,19,16,800.24,16.0048
15,20,16,797.315,15.9463
15,21,16,800.787,16.0157
15,22,16,798.563,15.9713
15,23,16,798.07,15.9614
15,24,16,797.939,15.9588
16,0,17,839.446,16.7889
16,1,17,841.442,16.8288
16,2,17,850.493,17.0099
16,3,17,849.376,16.9875
16,4,17,847.299,16.946
16,5,17,849.427,16.9885
16,6,17,850.992,17.0198
16,7,17,848.39,16.9678
16,8,17,852.032,17.0406
16,9,17,848.652,16.973
16,10,17,849.786,16.9957
16,11,17,851.373,17.0275
16,12,17,848.356,16.9671
16,13,17,850.381,17.0076
16,14,17,850.037,17.0007
16,15,17,841.219,16.8244
16,16,17,842.736,16.8547
16,17,17,850.342,17.0068
16,18,17,849.747,16.9949
16,19,17,846.242,16.9248
16,20,17,850.819,17.0164
16,21,17,848.195,16.9639
16,22,17,848.04,16.9608
16,23,17,848.976,16.9795
16,24,17,850.509,17.0102
17,0,18,889.773,17.7955
17,1,18,900.371,18.0074
17,2,18,900.31,18.0062
17,3,18,894.152,17.883
17,4,18,898.771,17.9754
17,5,18,898.826,17.9765
17,6,18,899.402,17.988
17,7,18,892.77,17.8554
17,8,18,898.144,17.9629
17,9,18,900.362,18.0072
17,10,18,896.086,17.9217
17,11,18,900.086,18.0017
17,12,18,900.4,18.008
17,13,18,900.285,18.0057
17,14,18,899.312,17.9862
17,15,18,898.691,17.9738
17,16,18,898.682,17.9736
17,17,18,899.197,17.9839
17,18,18,898.402,17.968
17,19,18,899.526,17.9905
17,20,18,900.454,18.0091
17,21,18,900.995,18.0199
17,22,18,902.563,18.0513
17,23,18,899.725,17.9945
17,24,18,899.706,17.9941
18,0,19,933.816,18.6763
18,1,19,957.801,19.156
18,2,19,935.704,18.7141
18,3,19,933.16,18.6632
18,4,19,959.216,19.1843
18,5,19,947.359,18.9472
18,6,19,954.704,19.0941
18,7,19,934.264,18.6853
18,8,19,946.022,18.9204
18,9,19,945.233,18.9047
18,10,19,965.288,19.3058
18,11,19,949.426,18.9885
18,12,19,933.432,18.6686
18,13,19,958.296,19.1659
18,14,19,937.392,18.7478
18,15,19,935.704,18.7141
18,16,19,933.536,18.6707
18,17,19,948.571,18.9714
18,18,19,935.704,18.7141
18,19,19,934.416,18.6883
18,20,19,941.591,18.8318
18,21,19,955.472,19.1094
18,22,19,934.331,18.6866
18,23,19,955.47,19.1094
18,24,19,942.191,18.8438
19,0,20,983.632,19.6726
19,1,20,1006.792,20.1358
19,2,20,998.496,19.9699
19,3,20,985.2,19.704
19,4,20,995.075,19.9015
19,5,20,985.808,19.7162
19,6,20,988.142,19.7628
19,7,20,1009.528,20.1906
19,8,20,1004.744,20.0949
19,9,20,1012.729,20.2546
19,10,20,983.711,19.6742
19,11,20,1011.048,20.221
19,12,20,997.036,19.9407
19,13,20,982.192,19.6438
19,14,20,984.0,19.68
19,15,20,1010.456,20.2091
19,16,20,1008.776,20.1755
19,17,20,1007.264,20.1453
19,18,20,989.194,19.7839
19,19,20,988.186,19.7637
19,20,20,1008.608,20.1722
19,21,20,986.712,19.7342
19,22,20,982.368,19.6474
19,23,20,984.096,19.6819
19,24,20,987.068,19.7414
20,0,21,1048.842,20.9768
20,1,21,1032.248,20.645
20,2,21,1033.744,20.6749
20,3,21,1035.576,20.7115
20,4,21,1047.217,20.9443
20,5,21,1045.204,20.9041
20,6,21,1053.416,21.0683
20,7,21,1029.176,20.5835
20,8,21,1050.666,21.0133
20,9,21,1027.184,20.5437
20,10,21,1031.272,20.6254
20,11,21,1033.615,20.6723
20,12,21,1028.672,20.5734
20,13,21,1037.804,20.7561
20,14,21,1048.784,20.9757
20,15,21,1030.84,20.6168
20,16,21,1054.552,21.091
20,17,21,1041.736,20.8347
20,18,21,1035.739,20.7148
20,19,21,1046.536,20.9307
20,20,21,1059.656,21.1931
20,21,21,1036.531,20.7306
20,22,21,1053.48,21.0696
20,23,21,1055.16,21.1032
20,24,21,1029.928,20.5986
21,0,22,1103.328,22.0666
21,1,22,1100.732,22.0146
21,2,22,1080.776,21.6155
21,3,22,1104.944,22.0989
21,4,22,1102.496,22.0499
21,5,22,1083.592,21.6718
21,6,22,1084.384,21.6877
21,7,22,1104.016,22.0803
21,8,22,1080.016,21.6003
21,9,22,1085.744,21.7149
21,10,22,1079.688,21.5938
21,11,22,1082.184,21.6437
21,12,22,1093.564,21.8713
21,13,22,1104.464,22.0893
21,14,22,1080.511,21.6102
21,15,22,1083.568,21.6714
21,16,22,1105.743,22.1149
21,17,22,1082.569,21.6514
21,18,22,1077.0,21.54
21,19,22,1077.192,21.5438
21,20,22,1095.987,21.9197
21,21,22,1096.575,21.9315
21,22,22,1105.024,22.1005
21,23,22,1102.282,22.0456
21,24,22,1077.488,21.5498
22,0,23,1156.792,23.1358
22,1,23,1129.432,22.5886
22,2,23,1158.528,23.1706
22,3,23,1136.417,22.7283
22,4,23,1137.651,22.753
22,5,23,1149.672,22.9934
22,6,23,1145.09,22.9018
22,7,23,1151.864,23.0373
22,8,23,1149.808,22.9962
22,9,23,1144.276,22.8855
22,10,23,1155.656,23.1131
22,11,23,1130.462,22.6092
22,12,23,1132.842,22.6568
22,13,23,1128.736,22.5747
22,14,23,1148.872,22.9774
22,15,23,1147.992,22.9598
22,16,23,1130.394,22.6079
22,17,23,1127.208,22.5442
22,18,23,1133.658,22.6732
22,19,23,1128.776,22.5755
22,20,23,1151.408,23.0282
22,21,23,1132.896,22.6579
22,22,23,1127.72,22.5544
22,23,23,1151.368,23.0274
22,24,23,1132.755,22.6551
0,1,1.0101,0.9666,0.9369,1.035
1,2,2.0059,1.9296,1.9003,1.9896
2,3,3.0186,2.92,2.8306,2.9355
3,4,4.0087,3.8866,3.7837,3.8566
4,5,4.9539,4.8222,4.7544,4.8134
5,6,5.9365,5.792,5.7041,5.727
6,7,6.8447,6.7426,6.6406,6.6953
7,8,7.8904,7.7272,7.6379,7.6886
8,9,8.9344,8.7272,8.5703,8.6217
9,10,9.9642,9.6811,9.5566,9.5349
10,11,10.8968,10.6484,10.4597,10.4971
11,12,11.8765,11.6229,11.4507,11.4259
12,13,12.8592,12.5504,12.3594,12.4023
13,14,13.8574,13.5366,13.2661,13.2924
14,15,14.8461,14.5016,14.2237,14.2632
15,16,15.9487,15.5426,15.2404,15.2739
16,17,16.9634,16.4985,16.1821,16.2106
17,18,17.9736,17.4581,17.1433,17.1513
18,19,18.8865,18.4221,18.0989,18.1089
19,20,19.9047,19.3789,19.0726,19.059
20,21,20.8221,20.3253,19.9495,19.9665
21,22,21.8191,21.0419,20.8771,20.8452
22,23,22.8162,21.0188,21.0276,21.0556
