0,0,1,50.485,1.0097
0,1,1,50.013,1.0003
0,2,1,49.629,0.9926
0,3,1,50.363,1.0073
0,4,1,49.991,0.9998
0,5,1,50.443,1.0089
0,6,1,50.078,1.0016
0,7,1,50.139,1.0028
0,8,1,50.078,1.0016
0,9,1,49.929,0.9986
0,10,1,49.964,0.9993
0,11,1,50.257,1.0051
0,12,1,49.853,0.9971
0,13,1,49.874,0.9975
0,14,1,50.63,1.0126
0,15,1,50.091,1.0018
0,16,1,50.254,1.0051
0,17,1,50.386,1.0077
0,18,1,49.785,0.9957
0,19,1,50.245,1.0049
0,20,1,50.301,1.006
0,21,1,49.925,0.9985
0,22,1,50.026,1.0005
0,23,1,50.253,1.0051
0,24,1,50.371,1.0074
1,0,2,100.385,2.0077
1,1,2,99.501,1.99
1,2,2,99.412,1.9882
1,3,2,99.907,1.9981
1,4,2,100.065,2.0013
1,5,2,99.957,1.9991
1,6,2,99.392,1.9878
1,7,2,98.761,1.9752
1,8,2,100.017,2.0003
1,9,2,101.092,2.0218
1,10,2,99.918,1.9984
1,11,2,100.262,2.0052
1,12,2,99.43,1.9886
1,13,2,99.494,1.9899
1,14,2,100.07,2.0014
1,15,2,99.82,1.9964
1,16,2,100.493,2.0099
1,17,2,99.673,1.9935
1,18,2,100.014,2.0003
1,19,2,100.625,2.0125
1,20,2,100.064,2.0013
1,21,2,100.209,2.0042
1,22,2,100.778,2.0156
1,23,2,99.385,1.9877
1,24,2,100.228,2.0046
2,0,3,150.805,3.0161
2,1,3,151.41,3.0282
2,2,3,150.573,3.0115
2,3,3,151.094,3.0219
2,4,3,151.116,3.0223
2,5,3,150.107,3.0021
2,6,3,150.941,3.0188
2,7,3,151.755,3.0351
2,8,3,150.46,3.0092
2,9,3,150.249,3.005
2,10,3,150.835,3.0167
2,11,3,150.507,3.0101
2,12,3,151.106,3.0221
2,13,3,151.168,3.0234
2,14,3,150.401,3.008
2,15,3,151.751,3.035
2,16,3,150.375,3.0075
2,17,3,150.417,3.0083
2,18,3,151.066,3.0213
2,19,3,151.05,3.021
2,20,3,150.21,3.0042
2,21,3,150.878,3.0176
2,22,3,150.531,3.0106
2,23,3,150.337,3.0067
2,24,3,150.449,3.009
3,0,4,200.669,4.0134
3,1,4,201.63,4.0326
3,2,4,201.086,4.0217
3,3,4,200.225,4.0045
3,4,4,200.766,4.0153
3,5,4,199.79,3.9958
3,6,4,200.755,4.0151
3,7,4,200.488,4.0098
3,8,4,200.886,4.0177
3,9,4,200.916,4.0183
3,10,4,200.28,4.0056
3,11,4,200.772,4.0154
3,12,4,200.972,4.0194
3,13,4,200.919,4.0184
3,14,4,199.995,3.9999
3,15,4,199.811,3.9962
3,16,4,200.684,4.0137
3,17,4,200.449,4.009
3,18,4,200.811,4.0162
3,19,4,201.137,4.0227
3,20,4,201.091,4.0218
3,21,4,199.692,3.9938
3,22,4,200.278,4.0056
3,23,4,200.895,4.0179
3,24,4,200.002,4.0
4,0,5,249.264,4.9853
4,1,5,250.178,5.0036
4,2,5,250.221,5.0044
4,3,5,249.853,4.9971
4,4,5,250.974,5.0195
4,5,5,250.299,5.006
4,6,5,249.578,4.9916
4,7,5,251.955,5.0391
4,8,5,250.608,5.0122
4,9,5,249.849,4.997
4,10,5,250.669,5.0134
4,11,5,250.941,5.0188
4,12,5,250.887,5.0177
4,13,5,250.896,5.0179
4,14,5,251.06,5.0212
4,15,5,250.238,5.0048
4,16,5,251.954,5.0391
4,17,5,249.571,4.9914
4,18,5,248.753,4.9751
4,19,5,251.202,5.024
4,20,5,250.054,5.0011
4,21,5,250.97,5.0194
4,22,5,250.198,5.004
4,23,5,250.201,5.004
4,24,5,250.35,5.007
5,0,6,298.902,5.978
5,1,6,300.84,6.0168
5,2,6,301.246,6.0249
5,3,6,299.5,5.99
5,4,6,299.979,5.9996
5,5,6,299.148,5.983
5,6,6,300.572,6.0114
5,7,6,300.152,6.003
5,8,6,300.563,6.0113
5,9,6,299.956,5.9991
5,10,6,300.436,6.0087
5,11,6,300.186,6.0037
5,12,6,300.381,6.0076
5,13,6,299.185,5.9837
5,14,6,300.779,6.0156
5,15,6,301.346,6.0269
5,16,6,299.711,5.9942
5,17,6,296.802,5.936
5,18,6,299.685,5.9937
5,19,6,300.111,6.0022
5,20,6,300.394,6.0079
5,21,6,300.954,6.0191
5,22,6,298.111,5.9622
5,23,6,299.501,5.99
5,24,6,300.502,6.01
6,0,7,348.233,6.9647
6,1,7,349.656,6.9931
6,2,7,348.827,6.9765
6,3,7,350.469,7.0094
6,4,7,349.496,6.9899
6,5,7,348.96,6.9792
6,6,7,347.817,6.9563
6,7,7,349.922,6.9984
6,8,7,349.902,6.998
6,9,7,350.554,7.0111
6,10,7,349.314,6.9863
6,11,7,350.248,7.005
6,12,7,348.874,6.9775
6,13,7,349.838,6.9968
6,14,7,347.614,6.9523
6,15,7,350.091,7.0018
6,16,7,350.442,7.0088
6,17,7,350.007,7.0001
6,18,7,347.998,6.96
6,19,7,349.12,6.9824
6,20,7,348.14,6.9628
6,21,7,351.148,7.023
6,22,7,348.5,6.97
6,23,7,349.798,6.996
6,24,7,350.359,7.0072
7,0,8,402.51,8.0502
7,1,8,403.39,8.0678
7,2,8,400.834,8.0167
7,3,8,401.748,8.035
7,4,8,399.816,7.9963
7,5,8,401.933,8.0387
7,6,8,402.563,8.0513
7,7,8,401.708,8.0342
7,8,8,399.737,7.9947
7,9,8,402.16,8.0432
7,10,8,402.149,8.043
7,11,8,400.784,8.0157
7,12,8,402.741,8.0548
7,13,8,401.961,8.0392
7,14,8,401.315,8.0263
7,15,8,401.839,8.0368
7,16,8,400.293,8.0059
7,17,8,403.866,8.0773
7,18,8,403.371,8.0674
7,19,8,403.129,8.0626
7,20,8,402.397,8.0479
7,21,8,401.559,8.0312
7,22,8,402.003,8.0401
7,23,8,402.926,8.0585
7,24,8,402.55,8.051
8,0,9,450.625,9.0125
8,1,9,452.131,9.0426
8,2,9,452.936,9.0587
8,3,9,451.438,9.0288
8,4,9,451.032,9.0206
8,5,9,451.261,9.0252
8,6,9,453.508,9.0702
8,7,9,451.65,9.033
8,8,9,451.157,9.0231
8,9,9,450.506,9.0101
8,10,9,451.404,9.0281
8,11,9,452.661,9.0532
8,12,9,452.544,9.0509
8,13,9,451.481,9.0296
8,14,9,450.782,9.0156
8,15,9,451.25,9.025
8,16,9,451.165,9.0233
8,17,9,450.881,9.0176
8,18,9,452.806,9.0561
8,19,9,448.56,8.9712
8,20,9,450.603,9.0121
8,21,9,450.323,9.0065
8,22,9,451.098,9.022
8,23,9,451.73,9.0346
8,24,9,450.634,9.0127
9,0,10,497.598,9.952
9,1,10,498.551,9.971
9,2,10,499.231,9.9846
9,3,10,499.425,9.9885
9,4,10,501.139,10.0228
9,5,10,504.54,10.0908
9,6,10,497.064,9.9413
9,7,10,503.251,10.065
9,8,10,496.898,9.938
9,9,10,499.702,9.994
9,10,10,494.826,9.8965
9,11,10,495.254,9.9051
9,12,10,497.736,9.9547
9,13,10,499.777,9.9955
9,14,10,498.743,9.9749
9,15,10,497.954,9.9591
9,16,10,499.331,9.9866
9,17,10,502.967,10.0593
9,18,10,503.725,10.0745
9,19,10,498.467,9.9693
9,20,10,497.344,9.9469
9,21,10,498.081,9.9616
9,22,10,500.582,10.0116
9,23,10,497.568,9.9514
9,24,10,498.723,9.9745
10,0,11,553.034,11.0607
10,1,11,552.078,11.0416
10,2,11,546.422,10.9284
10,3,11,556.509,11.1302
10,4,11,548.338,10.9668
10,5,11,547.467,10.9493
10,6,11,546.054,10.9211
10,7,11,545.725,10.9145
10,8,11,550.077,11.0015
10,9,11,553.895,11.0779
10,10,11,546.601,10.932
10,11,11,548.075,10.9615
10,12,11,545.869,10.9174
10,13,11,548.803,10.9761
10,14,11,545.203,10.9041
10,15,11,549.0,10.98
10,16,11,552.592,11.0518
10,17,11,549.551,10.991
10,18,11,547.812,10.9562
10,19,11,545.733,10.9147
10,20,11,551.683,11.0337
10,21,11,547.197,10.9439
10,22,11,546.298,10.926
10,23,11,552.227,11.0445
10,24,11,548.479,10.9696
11,0,12,595.587,11.9117
11,1,12,597.923,11.9585
11,2,12,597.165,11.9433
11,3,12,601.669,12.0334
11,4,12,599.618,11.9924
11,5,12,602.364,12.0473
11,6,12,600.105,12.0021
11,7,12,601.617,12.0323
11,8,12,600.803,12.0161
11,9,12,599.909,11.9982
11,10,12,594.97,11.8994
11,11,12,605.304,12.1061
11,12,12,598.725,11.9745
11,13,12,600.294,12.0059
11,14,12,606.205,12.1241
11,15,12,594.963,11.8993
11,16,12,598.412,11.9682
11,17,12,595.194,11.9039
11,18,12,595.622,11.9124
11,19,12,598.178,11.9636
11,20,12,595.238,11.9048
11,21,12,601.589,12.0318
11,22,12,596.085,11.9217
11,23,12,604.638,12.0928
11,24,12,598.127,11.9625
12,0,13,644.858,12.8972
12,1,13,651.508,13.0302
12,2,13,651.676,13.0335
12,3,13,653.724,13.0745
12,4,13,645.865,12.9173
12,5,13,650.842,13.0168
12,6,13,647.475,12.9495
12,7,13,650.405,13.0081
12,8,13,649.829,12.9966
12,9,13,649.319,12.9864
12,10,13,645.213,12.9043
12,11,13,646.17,12.9234
12,12,13,657.447,13.1489
12,13,13,646.758,12.9352
12,14,13,651.12,13.0224
12,15,13,649.41,12.9882
12,16,13,649.462,12.9892
12,17,13,652.122,13.0424
12,18,13,651.864,13.0373
12,19,13,649.548,12.991
12,20,13,648.915,12.9783
12,21,13,650.861,13.0172
12,22,13,645.485,12.9097
12,23,13,648.252,12.965
12,24,13,644.87,12.8974
13,0,14,697.387,13.9477
13,1,14,694.867,13.8973
13,2,14,701.678,14.0336
13,3,14,700.716,14.0143
13,4,14,694.829,13.8966
13,5,14,697.761,13.9552
13,6,14,698.757,13.9751
13,7,14,693.995,13.8799
13,8,14,694.341,13.8868
13,9,14,697.098,13.942
13,10,14,701.173,14.0235
13,11,14,700.746,14.0149
13,12,14,701.731,14.0346
13,13,14,698.341,13.9668
13,14,14,694.32,13.8864
13,15,14,698.255,13.9651
13,16,14,697.745,13.9549
13,17,14,698.129,13.9626
13,18,14,698.344,13.9669
13,19,14,703.531,14.0706
13,20,14,698.415,13.9683
13,21,14,695.593,13.9119
13,22,14,702.49,14.0498
13,23,14,697.023,13.9405
13,24,14,703.715,14.0743
14,0,15,743.77,14.8754
14,1,15,747.527,14.9505
14,2,15,743.664,14.8733
14,3,15,745.501,14.91
14,4,15,752.619,15.0524
14,5,15,745.07,14.9014
14,6,15,743.313,14.8663
14,7,15,745.46,14.9092
14,8,15,746.922,14.9384
14,9,15,745.854,14.9171
14,10,15,753.942,15.0788
14,11,15,751.243,15.0249
14,12,15,744.577,14.8915
14,13,15,746.571,14.9314
14,14,15,744.09,14.8818
14,15,15,743.549,14.871
14,16,15,749.987,14.9997
14,17,15,748.802,14.976
14,18,15,750.843,15.0169
14,19,15,748.13,14.9626
14,20,15,749.204,14.9841
14,21,15,746.624,14.9325
14,22,15,746.765,14.9353
14,23,15,744.131,14.8826
14,24,15,752.072,15.0414
15,0,16,803.612,16.0722
15,1,16,805.592,16.1118
15,2,16,800.229,16.0046
15,3,16,798.88,15.9776
15,4,16,803.879,16.0776
15,5,16,801.141,16.0228
15,6,16,807.804,16.1561
15,7,16,797.164,15.9433
15,8,16,806.643,16.1329
15,9,16,802.625,16.0525
15,10,16,805.775,16.1155
15,11,16,800.388,16.0078
15,12,16,806.748,16.135
15,13,16,797.783,15.9557
15,14,16,800.347,16.0069
15,15,16,803.759,16.0752
15,16,16,797.011,15.9402
15,17,16,801.379,16.0276
15,18,16,800.855,16.0171
15,19,16,805.407,16.1081
15,20,16,806.32,16.1264
15,21,16,802.516,16.0503
15,22,16,796.4,15.928
15,23,16,801.667,16.0333
15,24,16,801.32,16.0264
16,0,17,850.941,17.0188
16,1,17,847.406,16.9481
16,2,17,849.004,16.9801
16,3,17,848.978,16.9796
16,4,17,852.815,17.0563
16,5,17,847.283,16.9457
16,6,17,853.888,17.0778
16,7,17,848.429,16.9686
16,8,17,848.669,16.9734
16,9,17,849.294,16.9859
16,10,17,855.989,17.1198
16,11,17,846.786,16.9357
16,12,17,846.189,16.9238
16,13,17,852.206,17.0441
16,14,17,851.343,17.0269
16,15,17,853.501,17.07
16,16,17,852.425,17.0485
16,17,17,849.172,16.9834
16,18,17,849.195,16.9839
16,19,17,850.698,17.014
16,20,17,848.065,16.9613
16,21,17,851.349,17.027
16,22,17,851.513,17.0303
16,23,17,855.946,17.1189
16,24,17,852.677,17.0535
17,0,18,902.514,18.0503
17,1,18,904.329,18.0866
17,2,18,903.538,18.0708
17,3,18,901.708,18.0342
17,4,18,904.775,18.0955
17,5,18,896.579,17.9316
17,6,18,897.44,17.9488
17,7,18,907.446,18.1489
17,8,18,896.255,17.9251
17,9,18,898.09,17.9618
17,10,18,894.244,17.8849
17,11,18,894.838,17.8968
17,12,18,895.349,17.907
17,13,18,905.274,18.1055
17,14,18,898.616,17.9723
17,15,18,902.215,18.0443
17,16,18,904.048,18.081
17,17,18,898.038,17.9608
17,18,18,901.889,18.0378
17,19,18,898.517,17.9703
17,20,18,904.054,18.0811
17,21,18,903.405,18.0681
17,22,18,903.792,18.0758
17,23,18,901.407,18.0281
17,24,18,898.183,17.9637
18,0,19,952.434,19.0487
18,1,19,954.638,19.0928
18,2,19,948.64,18.9728
18,3,19,947.344,18.9469
18,4,19,947.16,18.9432
18,5,19,948.008,18.9602
18,6,19,948.056,18.9611
18,7,19,951.184,19.0237
18,8,19,947.552,18.951
18,9,19,940.553,18.8111
18,10,19,949.488,18.9898
18,11,19,950.113,19.0023
18,12,19,944.364,18.8873
18,13,19,950.32,19.0064
18,14,19,945.376,18.9075
18,15,19,942.792,18.8558
18,16,19,954.624,19.0925
18,17,19,947.792,18.9558
18,18,19,948.704,18.9741
18,19,19,945.682,18.9136
18,20,19,947.416,18.9483
18,21,19,941.714,18.8343
18,22,19,941.228,18.8246
18,23,19,953.64,19.0728
18,24,19,948.808,18.9762
19,0,20,995.432,19.9086
19,1,20,1000.216,20.0043
19,2,20,996.496,19.9299
19,3,20,994.024,19.8805
19,4,20,996.072,19.9214
19,5,20,1003.008,20.0602
19,6,20,995.176,19.9035
19,7,20,998.28,19.9656
19,8,20,996.328,19.9266
19,9,20,999.216,19.9843
19,10,20,995.024,19.9005
19,11,20,998.504,19.9701
19,12,20,996.401,19.928
19,13,20,998.136,19.9627
19,14,20,994.138,19.8828
19,15,20,996.232,19.9246
19,16,20,1005.618,20.1124
19,17,20,999.632,19.9926
19,18,20,995.272,19.9054
19,19,20,998.96,19.9792
19,20,20,994.374,19.8875
19,21,20,994.824,19.8965
19,22,20,995.376,19.9075
19,23,20,992.976,19.8595
19,24,20,996.981,19.9396
20,0,21,1047.546,20.9509
20,1,21,1046.148,20.923
20,2,21,1046.66,20.9332
20,3,21,1045.384,20.9077
20,4,21,1049.329,20.9866
20,5,21,1048.064,20.9613
20,6,21,1041.551,20.831
20,7,21,1045.912,20.9182
20,8,21,1047.141,20.9428
20,9,21,1046.451,20.929
20,10,21,1047.048,20.941
20,11,21,1045.92,20.9184
20,12,21,1041.781,20.8356
20,13,21,1047.632,20.9526
20,14,21,1047.104,20.9421
20,15,21,1045.41,20.9082
20,16,21,1050.304,21.0061
20,17,21,1045.048,20.901
20,18,21,1042.078,20.8416
20,19,21,1050.104,21.0021
20,20,21,1046.122,20.9224
20,21,21,1045.644,20.9129
20,22,21,1047.752,20.955
20,23,21,1048.44,20.9688
20,24,21,1046.248,20.925
21,0,22,1095.982,21.9196
21,1,22,1095.081,21.9016
21,2,22,1089.765,21.7953
21,3,22,1099.64,21.9928
21,4,22,1107.301,22.146
21,5,22,1095.144,21.9029
21,6,22,1098.264,21.9653
21,7,22,1096.848,21.937
21,8,22,1100.33,22.0066
21,9,22,1101.616,22.0323
21,10,22,1093.968,21.8794
21,11,22,1096.192,21.9238
21,12,22,1089.911,21.7982
21,13,22,1093.507,21.8701
21,14,22,1097.184,21.9437
21,15,22,1096.544,21.9309
21,16,22,1093.722,21.8744
21,17,22,1095.264,21.9053
21,18,22,1096.56,21.9312
21,19,22,1096.728,21.9346
21,20,22,1091.632,21.8326
21,21,22,1097.065,21.9413
21,22,22,1095.455,21.9091
21,23,22,1094.728,21.8946
21,24,22,1096.672,21.9334
22,0,23,1147.768,22.9554
22,1,23,1147.024,22.9405
22,2,23,1150.232,23.0046
22,3,23,1145.912,22.9182
22,4,23,1147.16,22.9432
22,5,23,1147.271,22.9454
22,6,23,1145.177,22.9035
22,7,23,1148.928,22.9786
22,8,23,1148.896,22.9779
22,9,23,1149.901,22.998
22,10,23,1142.085,22.8417
22,11,23,1142.957,22.8591
22,12,23,1146.841,22.9368
22,13,23,1149.944,22.9989
22,14,23,1135.736,22.7147
22,15,23,1147.614,22.9523
22,16,23,1152.496,23.0499
22,17,23,1143.491,22.8698
22,18,23,1146.92,22.9384
22,19,23,1143.664,22.8733
22,20,23,1145.366,22.9073
22,21,23,1149.784,22.9957
22,22,23,1146.88,22.9376
22,23,23,1149.136,22.9827
22,24,23,1144.536,22.8907
0,1,1.0027,1.0064,0.991,0.9671
1,2,1.9992,1.9962,1.9106,1.924
2,3,3.0157,3.0086,2.8822,2.8668
3,4,4.012,3.9946,3.8217,3.7939
4,5,5.0086,4.9865,4.7121,4.6802
5,6,5.9992,5.9702,5.6926,5.6459
6,7,6.9883,6.9559,6.7217,6.6861
7,8,8.0394,7.9795,7.7127,7.6825
8,9,9.0273,8.9612,8.6715,8.6061
9,10,9.9828,9.9578,9.6205,9.539
10,11,10.9798,10.9431,10.6033,10.5049
11,12,11.9842,11.8914,11.5959,11.4959
12,13,12.9864,12.8744,12.5288,12.449
13,14,13.9688,13.8536,13.471,13.3529
14,15,14.9442,14.8222,14.5169,14.3839
15,16,16.0442,15.8573,15.4672,15.3395
16,17,17.011,16.8366,16.3769,16.2644
17,18,18.0132,17.8062,17.2547,17.0766
18,19,18.9581,18.7651,18.2923,18.1539
19,20,19.9414,19.5819,19.0518,18.9522
20,21,20.9287,19.6136,19.0609,19.1812
21,22,21.9241,19.5693,19.2394,19.3196
22,23,22.9326,19.6144,19.0882,19.2426
