0,0,1,50.013,1.0003
0,1,1,49.814,0.9963
0,2,1,50.145,1.0029
0,3,1,49.954,0.9991
0,4,1,50.045,1.0009
0,5,1,50.451,1.009
0,6,1,50.378,1.0076
0,7,1,50.307,1.0061
0,8,1,50.164,1.0033
0,9,1,49.898,0.998
0,10,1,50.589,1.0118
0,11,1,50.208,1.0042
0,12,1,50.287,1.0057
0,13,1,50.064,1.0013
0,14,1,49.571,0.9914
0,15,1,50.263,1.0053
0,16,1,50.407,1.0081
0,17,1,49.993,0.9999
0,18,1,49.882,0.9976
0,19,1,49.945,0.9989
0,20,1,50.6,1.012
0,21,1,49.947,0.9989
0,22,1,49.712,0.9942
0,23,1,49.774,0.9955
0,24,1,50.24,1.0048
1,0,2,100.53,2.0106
1,1,2,99.91,1.9982
1,2,2,100.192,2.0038
1,3,2,100.258,2.0052
1,4,2,100.263,2.0053
1,5,2,99.444,1.9889
1,6,2,99.56,1.9912
1,7,2,99.954,1.9991
1,8,2,99.718,1.9944
1,9,2,100.257,2.0051
1,10,2,99.124,1.9825
1,11,2,100.514,2.0103
1,12,2,100.289,2.0058
1,13,2,99.867,1.9973
1,14,2,98.56,1.9712
1,15,2,99.738,1.9948
1,16,2,99.21,1.9842
1,17,2,100.798,2.016
1,18,2,100.474,2.0095
1,19,2,99.15,1.983
1,20,2,100.677,2.0135
1,21,2,100.735,2.0147
1,22,2,100.219,2.0044
1,23,2,100.044,2.0009
1,24,2,100.302,2.006
2,0,3,149.553,2.9911
2,1,3,150.312,3.0062
2,2,3,149.589,2.9918
2,3,3,150.233,3.0047
2,4,3,150.514,3.0103
2,5,3,150.587,3.0117
2,6,3,150.246,3.0049
2,7,3,151.456,3.0291
2,8,3,150.954,3.0191
2,9,3,150.268,3.0054
2,10,3,150.566,3.0113
2,11,3,150.915,3.0183
2,12,3,150.418,3.0084
2,13,3,150.472,3.0094
2,14,3,150.765,3.0153
2,15,3,149.24,2.9848
2,16,3,150.188,3.0038
2,17,3,151.133,3.0227
2,18,3,150.978,3.0196
2,19,3,150.948,3.019
2,20,3,151.244,3.0249
2,21,3,150.431,3.0086
2,22,3,151.36,3.0272
2,23,3,151.248,3.025
2,24,3,149.715,2.9943
3,0,4,200.017,4.0003
3,1,4,201.221,4.0244
3,2,4,201.136,4.0227
3,3,4,200.992,4.0198
3,4,4,200.152,4.003
3,5,4,201.098,4.022
3,6,4,200.192,4.0038
3,7,4,200.791,4.0158
3,8,4,200.915,4.0183
3,9,4,200.91,4.0182
3,10,4,200.505,4.0101
3,11,4,200.734,4.0147
3,12,4,200.745,4.0149
3,13,4,200.363,4.0073
3,14,4,201.083,4.0217
3,15,4,200.987,4.0197
3,16,4,199.696,3.9939
3,17,4,200.868,4.0174
3,18,4,200.746,4.0149
3,19,4,201.041,4.0208
3,20,4,200.603,4.0121
3,21,4,200.685,4.0137
3,22,4,201.347,4.0269
3,23,4,200.988,4.0198
3,24,4,201.023,4.0205
4,0,5,250.839,5.0168
4,1,5,250.153,5.0031
4,2,5,250.786,5.0157
4,3,5,250.575,5.0115
4,4,5,248.808,4.9762
4,5,5,250.58,5.0116
4,6,5,251.542,5.0308
4,7,5,250.152,5.003
4,8,5,250.183,5.0037
4,9,5,252.116,5.0423
4,10,5,248.645,4.9729
4,11,5,249.911,4.9982
4,12,5,249.754,4.9951
4,13,5,250.563,5.0113
4,14,5,250.388,5.0078
4,15,5,248.701,4.974
4,16,5,247.742,4.9548
4,17,5,248.342,4.9668
4,18,5,249.361,4.9872
4,19,5,248.825,4.9765
4,20,5,249.975,4.9995
4,21,5,250.387,5.0077
4,22,5,250.804,5.0161
4,23,5,250.109,5.0022
4,24,5,247.13,4.9426
5,0,6,299.086,5.9817
5,1,6,299.97,5.9994
5,2,6,300.053,6.0011
5,3,6,300.103,6.0021
5,4,6,300.919,6.0184
5,5,6,303.965,6.0793
5,6,6,300.132,6.0026
5,7,6,301.264,6.0253
5,8,6,302.096,6.0419
5,9,6,299.969,5.9994
5,10,6,301.337,6.0267
5,11,6,297.554,5.9511
5,12,6,298.078,5.9616
5,13,6,300.705,6.0141
5,14,6,299.925,5.9985
5,15,6,298.117,5.9623
5,16,6,302.162,6.0432
5,17,6,300.944,6.0189
5,18,6,298.004,5.9601
5,19,6,300.714,6.0143
5,20,6,298.435,5.9687
5,21,6,298.157,5.9631
5,22,6,300.418,6.0084
5,23,6,298.967,5.9793
5,24,6,299.521,5.9904
6,0,7,349.651,6.993
6,1,7,350.579,7.0116
6,2,7,351.841,7.0368
6,3,7,347.335,6.9467
6,4,7,349.662,6.9932
6,5,7,351.736,7.0347
6,6,7,350.483,7.0097
6,7,7,350.582,7.0116
6,8,7,349.8,6.996
6,9,7,347.376,6.9475
6,10,7,350.196,7.0039
6,11,7,350.31,7.0062
6,12,7,347.647,6.9529
6,13,7,349.774,6.9955
6,14,7,349.318,6.9864
6,15,7,348.757,6.9751
6,16,7,348.689,6.9738
6,17,7,350.188,7.0038
6,18,7,354.01,7.0802
6,19,7,351.838,7.0368
6,20,7,348.89,6.9778
6,21,7,350.65,7.013
6,22,7,348.368,6.9674
6,23,7,350.348,7.007
6,24,7,348.154,6.9631
7,0,8,397.746,7.9549
7,1,8,401.558,8.0312
7,2,8,403.567,8.0713
7,3,8,400.847,8.0169
7,4,8,399.489,7.9898
7,5,8,402.557,8.0511
7,6,8,402.349,8.047
7,7,8,400.929,8.0186
7,8,8,402.244,8.0449
7,9,8,401.961,8.0392
7,10,8,402.172,8.0434
7,11,8,403.124,8.0625
7,12,8,402.431,8.0486
7,13,8,402.119,8.0424
7,14,8,402.813,8.0563
7,15,8,402.085,8.0417
7,16,8,402.098,8.042
7,17,8,402.684,8.0537
7,18,8,400.851,8.017
7,19,8,402.834,8.0567
7,20,8,403.306,8.0661
7,21,8,402.906,8.0581
7,22,8,401.45,8.029
7,23,8,402.38,8.0476
7,24,8,402.102,8.042
8,0,9,451.509,9.0302
8,1,9,454.749,9.095
8,2,9,449.85,8.997
8,3,9,452.376,9.0475
8,4,9,453.628,9.0726
8,5,9,450.905,9.0181
8,6,9,450.666,9.0133
8,7,9,450.554,9.0111
8,8,9,452.03,9.0406
8,9,9,451.92,9.0384
8,10,9,451.436,9.0287
8,11,9,452.03,9.0406
8,12,9,451.902,9.038
8,13,9,453.138,9.0628
8,14,9,451.629,9.0326
8,15,9,451.787,9.0357
8,16,9,451.683,9.0337
8,17,9,450.689,9.0138
8,18,9,449.556,8.9911
8,19,9,449.603,8.9921
8,20,9,449.343,8.9869
8,21,9,449.442,8.9888
8,22,9,451.473,9.0295
8,23,9,450.542,9.0108
8,24,9,451.096,9.0219
9,0,10,497.114,9.9423
9,1,10,496.864,9.9373
9,2,10,497.629,9.9526
9,3,10,498.809,9.9762
9,4,10,498.935,9.9787
9,5,10,497.426,9.9485
9,6,10,497.981,9.9596
9,7,10,498.719,9.9744
9,8,10,495.773,9.9155
9,9,10,499.22,9.9844
9,10,10,499.384,9.9877
9,11,10,503.16,10.0632
9,12,10,495.514,9.9103
9,13,10,499.993,9.9999
9,14,10,498.8,9.976
9,15,10,496.352,9.927
9,16,10,504.447,10.0889
9,17,10,497.2,9.944
9,18,10,496.557,9.9311
9,19,10,501.139,10.0228
9,20,10,504.137,10.0827
9,21,10,498.512,9.9702
9,22,10,503.686,10.0737
9,23,10,498.821,9.9764
9,24,10,501.256,10.0251
10,0,11,545.357,10.9071
10,1,11,547.884,10.9577
10,2,11,547.061,10.9412
10,3,11,545.68,10.9136
10,4,11,546.154,10.9231
10,5,11,551.56,11.0312
10,6,11,549.116,10.9823
10,7,11,545.171,10.9034
10,8,11,545.478,10.9096
10,9,11,548.212,10.9642
10,10,11,547.03,10.9406
10,11,11,551.51,11.0302
10,12,11,550.395,11.0079
10,13,11,553.151,11.063
10,14,11,550.667,11.0133
10,15,11,547.413,10.9483
10,16,11,546.707,10.9341
10,17,11,547.29,10.9458
10,18,11,546.809,10.9362
10,19,11,547.422,10.9484
10,20,11,550.673,11.0135
10,21,11,549.314,10.9863
10,22,11,546.502,10.93
10,23,11,545.302,10.906
10,24,11,548.185,10.9637
11,0,12,595.456,11.9091
11,1,12,597.794,11.9559
11,2,12,600.775,12.0155
11,3,12,600.341,12.0068
11,4,12,602.452,12.049
11,5,12,597.876,11.9575
11,6,12,602.362,12.0472
11,7,12,594.759,11.8952
11,8,12,595.254,11.9051
11,9,12,603.977,12.0795
11,10,12,595.04,11.9008
11,11,12,595.654,11.9131
11,12,12,601.656,12.0331
11,13,12,599.958,11.9992
11,14,12,600.856,12.0171
11,15,12,597.867,11.9573
11,16,12,596.576,11.9315
11,17,12,596.486,11.9297
11,18,12,597.137,11.9427
11,19,12,599.935,11.9987
11,20,12,600.124,12.0025
11,21,12,594.915,11.8983
11,22,12,597.972,11.9594
11,23,12,597.719,11.9544
11,24,12,601.32,12.0264
12,0,13,650.915,13.0183
12,1,13,649.805,12.9961
12,2,13,649.233,12.9847
12,3,13,647.984,12.9597
12,4,13,651.915,13.0383
12,5,13,645.293,12.9059
12,6,13,656.771,13.1354
12,7,13,648.046,12.9609
12,8,13,648.912,12.9782
12,9,13,649.441,12.9888
12,10,13,648.77,12.9754
12,11,13,646.053,12.9211
12,12,13,646.149,12.923
12,13,13,653.853,13.0771
12,14,13,650.83,13.0166
12,15,13,649.124,12.9825
12,16,13,650.531,13.0106
12,17,13,649.698,12.994
12,18,13,644.739,12.8948
12,19,13,648.211,12.9642
12,20,13,650.604,13.0121
12,21,13,646.939,12.9388
12,22,13,651.202,13.024
12,23,13,654.085,13.0817
12,24,13,644.803,12.8961
13,0,14,697.276,13.9455
13,1,14,699.192,13.9838
13,2,14,700.36,14.0072
13,3,14,695.56,13.9112
13,4,14,700.43,14.0086
13,5,14,693.293,13.8659
13,6,14,703.061,14.0612
13,7,14,698.626,13.9725
13,8,14,699.258,13.9852
13,9,14,694.006,13.8801
13,10,14,694.97,13.8994
13,11,14,693.264,13.8653
13,12,14,697.152,13.943
13,13,14,693.891,13.8778
13,14,14,697.49,13.9498
13,15,14,698.857,13.9771
13,16,14,695.4,13.908
13,17,14,702.78,14.0556
13,18,14,697.573,13.9515
13,19,14,702.965,14.0593
13,20,14,696.415,13.9283
13,21,14,703.625,14.0725
13,22,14,696.464,13.9293
13,23,14,704.153,14.0831
13,24,14,698.011,13.9602
14,0,15,747.637,14.9527
14,1,15,745.317,14.9063
14,2,15,745.086,14.9017
